.6539683,.872549,150
82
77
1
78
-1
-1
-1
-1
8.783069E-02,.2377451,"1.4.6a"
.4349206,.2352941,"1.4.2"
.1047619,.4191177,"1.3.11"
3.597884E-02,.6446078,"1.2.18"
.1925926,.5465686,"1.2.14"
.3428572,.8210784,"1.2.10A"
.3544973,.5906863,"1.2.10"
.4486772,.6666667,"1.2.7"
.8253968,.5392157,"1.1.1"
.1407407,.1151961,"1.4.7"
.9417989,.6102941,"1.1.6"
.9354497,.7745098,"1.1.10"
.2486773,.4191177,"1.3.8"
.3037037,.2352941,"1.4.5B"
.178836,.120098,"H1.1"
5.502646E-02,.1151961,"1.4.9"
5.502646E-02,.2426471,"H1.2"
.1767196,.25,"H1.3"
.4338624,.254902,"H1.4"
.4349206,.4191177,"H1.5"
.3037037,.4166667,"H1.6"
.1767196,.4240196,"H1.7"
.1777778,.5441176,"H1.8"
.2243386,.4828431,"H1.9"
.3026455,.4926471,"H1.10"
.384127,.4215686,"H1.11"
.384127,.4877451,"H1.12"
.4349206,.495098,"H1.13"
.7862434,.497549,"H1.14"
.794709,.5490196,"H1.15"
.7534391,.497549,"H1.16"
.778836,.5661765,"H1.17"
.9365079,.5588235,"H1.18"
.6455026,.8112745,"H1.19"
.3777778,.6004902,"H1.20"
.3386243,.8063725,"H1.21"
.2243386,.4215686,"H1.22"
.2232804,.5196078,"H1.23"
.3481481,.5318627,"H1.24"
.3671958,.509804,"H1.25"
.2825397,.5220588,"H1.26"
.3513227,.5661765,"H1.26"
.0962963,.120098,"1.4.8"
.1417989,.2377451,"1.4.6B"
.2116402,.2377451,"1.4.6C"
.2582011,.2377451,"1.4.5A"
.3513227,.2377451,"1.4.4"
.3820106,.2377451,"1.4.3"
.4888889,.2377451,"1.4.1"
8.465607E-02,.4191177,"1.3.11"
.1492064,.4166667,"1.3.10"
.2042328,.4166667,"1.3.9"
.3280423,.4093137,"1.3.5A"
.3650794,.4142157,"1.3.7"
.4063492,.4142157,"1.3.6"
.4656085,.4166667,"1.3.4"
.4846561,.4215686,"1.3.3"
6.243386E-02,.6004902,"1.2.19"
8.148148E-02,.6176471,"1.2.17"
.1153439,.5955882,"1.2.16"
.152381,.5735294,"1.2.15"
.3259259,.5710784,"1.2.11"
.3978836,.625,"1.2.8"
.8603175,.5392157,"1.1.2"
.9301587,.5441176,"1.1.4"
.9449735,.5465686,"1.1.5"
.9417989,.6593137,"1.1.7"
.9417989,.7352941,"1.1.8"
.9291005,.7328432,"1.1.12"
.8507937,.5637255,"1.1.13"
.3174603,.8235294,"1.2.10B"
.2719577,.8235294,"1.2.10C"
.2201058,.5269608,"1.2.13"
.2867725,.5343137,"1.2.12"
.4708995,.4215686,"1.3.1"
.2846561,.4142157,"1.3.5B"
.4825397,.4901961,"H1.30"
.6539683,.872549,"Lift"
.6359788,.8406864,"Kiosk 0"
.9396825,.8259804,""
.8825397,.5441176,""
.215873,.497549,""
0,3
16,465.9667
43,764.9994
17,1262.23
1,3
17,3661.106
18,120.9342
48,765.1475
2,2
21,1020.441
50,630.1794
3,2
22,2101.981
57,462.0873
4,4
22,210.5348
57,1874.28
72,408.0438
37,465.2417
5,4
35,108.1674
70,360.3138
71,1005.112
34,1437.889
6,4
38,371.0801
23,1959.496
62,649.8662
39,526.7118
7,3
33,2926.999
62,763.8221
34,1083.535
8,1
29,439.1184
9,2
42,630.7133
14,540.8335
10,3
32,323.8055
67,765
79,1320.341
11,4
32,1320.085
68,270.4156
67,256.3201
79,320.6635
12,1
20,780.1435
13,3
16,3525.287
17,1802.248
18,1848.898
14,4
15,1755.257
17,795.5661
9,540.8335
42,1170
15,3
14,1755.257
16,780.0001
42,585.7686
16,9
15,780.0001
17,1725.587
0,465.9667
43,1230.365
44,2220.202
45,2880.157
13,3525.287
46,4200.106
47,4635.098
17,12
16,1725.587
14,795.5661
18,3645.123
21,1065
43,500.6504
0,1262.23
44,500.6491
45,1157.433
13,1802.248
46,2476.135
47,2910.967
1,3661.106
18,9
17,3645.123
19,1005.112
47,742.4612
1,120.9342
46,1174.702
13,1848.898
45,2492.212
44,3151.749
48,787.0361
19,9
18,1005.112
27,464.9995
25,720.1558
55,435.2595
74,510.2215
56,705.16
54,406.1091
53,990.4535
52,1516.188
20,6
25,1140.395
36,1125.4
24,465.2421
75,270.4161
52,347.9219
12,780.1435
21,7
36,675.1661
17,1065
22,735.153
23,764.9995
50,392.5871
2,1020.441
49,1305.345
22,9
21,735.153
3,2101.981
37,662.2119
4,210.5348
60,402.4918
59,939.3885
58,1437.263
57,1671.003
72,609.1177
23,16
36,375
21,764.9995
24,1111.621
34,2291.076
37,225.4992
39,2031.712
73,939.3885
61,1537.921
6,1959.496
41,1870.855
38,1780.456
27,2985.942
62,2609.311
76,3660.277
51,495.2269
81,150
24,8
23,1111.621
26,1155.39
20,465.2421
34,1252.927
37,1137.036
72,1188.697
38,688.2035
81,1230.366
25,6
19,720.1558
20,1140.395
26,405.0002
53,273.7238
54,318.198
52,798.5303
26,8
24,1155.39
25,405.0002
27,721.4044
37,2288.324
72,2337.354
38,577.0617
76,1395.081
81,2385.755
27,6
19,464.9995
26,721.4044
30,4515.024
23,2985.942
38,1250.41
76,675.6673
28,4
30,465.001
29,337.0831
31,432.9263
76,4305.235
29,11
30,664.4179
28,337.0831
32,2010.894
31,248.2943
8,439.1184
63,931.9344
69,800.0791
64,1920.234
65,2130.052
78,2872.061
80,1245.361
30,6
27,4515.024
31,553.1735
29,664.4179
28,465.001
39,5475.512
76,3840.262
31,7
30,553.1735
33,2412.904
29,248.2943
69,1020.111
28,432.9263
78,2631.165
80,1476.186
32,11
29,2010.894
11,1320.085
65,141.5098
64,127.2785
10,323.8055
66,619.556
67,1082.601
68,1070.164
69,1215.368
79,1635.619
80,770.275
33,7
31,2412.904
34,4008.256
41,4431.58
7,2926.999
62,3690.487
77,393.7327
78,225.0004
34,8
33,4008.256
35,1376.817
24,1252.927
23,2291.076
38,593.9707
62,322.0632
5,1437.889
7,1083.535
35,4
34,1376.817
5,108.1674
70,317.8443
71,950.8145
36,6
20,1125.4
21,675.1661
23,375
75,856.1838
51,286.5743
50,1065.422
37,9
22,662.2119
23,225.4992
40,840.1344
4,465.2417
24,1137.036
26,2288.324
39,2040.883
76,3679.406
81,171.0258
38,13
40,931.9327
39,301.8696
34,593.9707
24,688.2035
61,396.0117
41,214.7678
6,371.0801
73,870.1286
23,1780.456
26,577.0617
27,1250.41
76,1921.992
81,1886.723
39,8
38,301.8696
30,5475.512
41,411.886
37,2040.883
23,2031.712
76,1639.398
6,526.7118
81,2146.311
40,4
37,840.1344
38,931.9327
41,1011.693
81,956.8309
41,7
39,411.886
40,1011.693
33,4431.58
38,214.7678
23,1870.855
62,751.7983
81,1965.4
42,3
15,585.7686
9,630.7133
14,1170
43,3
16,1230.365
0,764.9994
17,500.6504
44,3
16,2220.202
17,500.6491
18,3151.749
45,3
16,2880.157
17,1157.433
18,2492.212
46,3
16,4200.106
17,2476.135
18,1174.702
47,3
16,4635.098
17,2910.967
18,742.4612
48,2
18,787.0361
1,765.1475
49,2
21,1305.345
50,915.1239
50,4
36,1065.422
21,392.5871
2,630.1794
49,915.1239
51,2
36,286.5743
23,495.2269
52,3
19,1516.188
25,798.5303
20,347.9219
53,2
19,990.4535
25,273.7238
54,2
19,406.1091
25,318.198
55,1
19,435.2595
56,2
19,705.16
76,421.0705
57,6
22,1671.003
58,289.6983
3,462.0873
59,750.5996
60,1285.633
4,1874.28
58,2
22,1437.263
57,289.6983
59,2
22,939.3885
57,750.5996
60,2
22,402.4918
57,1285.633
61,3
38,396.0117
23,1537.921
62,1072.055
62,7
7,763.8221
34,322.0632
33,3690.487
6,649.8662
41,751.7983
23,2609.311
61,1072.055
63,3
29,931.9344
80,316.4244
65,1200.842
64,5
29,1920.234
65,210.534
32,127.2785
67,1181.577
80,675
65,5
29,2130.052
64,210.534
32,141.5098
67,1155.877
63,1200.842
66,3
32,619.556
67,465.0002
79,1020.441
67,8
32,1082.601
11,256.3201
68,180.6229
66,465.0002
10,765
65,1155.877
64,1181.577
79,555.8102
68,3
32,1070.164
11,270.4156
67,180.6229
69,4
29,800.0791
32,1215.368
31,1020.111
80,465.7243
70,3
35,317.8443
71,644.999
5,360.3138
71,3
35,950.8145
70,644.999
5,1005.112
72,4
22,609.1177
4,408.0438
24,1188.697
26,2337.354
73,3
38,870.1286
23,939.3885
81,1029.879
74,1
19,510.2215
75,2
20,270.4161
36,856.1838
76,9
56,421.0705
27,675.6673
30,3840.262
28,4305.235
26,1395.081
39,1639.398
38,1921.992
23,3660.277
37,3679.406
77,2
33,393.7327
78,321.0153
78,4
77,321.0153
33,225.0004
31,2631.165
29,2872.061
79,5
11,320.6635
67,555.8102
10,1320.341
66,1020.441
32,1635.619
80,6
63,316.4244
69,465.7243
29,1245.361
32,770.275
64,675
31,1476.186
81,9
37,171.0258
23,150
40,956.8309
24,1230.366
73,1029.879
38,1886.723
39,2146.311
26,2385.755
41,1965.4
