3.141593  0.000000
3.093865  0.000000
3.034546  0.000000
2.952132  0.000000
2.847250  0.000000
2.720699  0.000000
2.573442  0.000000
2.406600  0.000000
2.221442  0.000000
2.019377  0.000000
1.934158  0.000000
1.846582  0.000000
1.756756  0.000000
1.664790  0.000000
1.570796  1.000000
1.074488  1.000000
0.545531  1.000000
-0.000001  1.000000
-0.545532  1.000000
-1.074489  1.000000
-1.570797  1.000000
-2.019378  0.000000
-2.102137  0.000000
-2.182334  0.000000
-2.259873  0.000000
-2.334659  0.000000
-2.406600  0.000000
-2.573443  0.000000
-2.720700  0.000000
-2.847251  0.000000
-2.952132  0.000000
-3.034546  0.000000
-3.093865  0.000000
-3.129638  0.000000
-3.141593  0.000000
